 Au9995    161.00    168.00    161.00    166.98     4.24     0.026    164.56    3,116     512,771,020.00                
 Au9999    163.00    167.20    161.80    167.03     4.16     0.026    164.91  2,777.40    458,026,310.00                
 Au100g    168.00    168.00    164.00    167.76     0.84     0.005    165.50    70.2      11,618,272.00                 
  Au50g    166.00    166.00    166.00    166.00     8.00     0.051    166.00     0.3        49,800.00                   
  AuT+D    160.41    166.49    159.90    165.70     3.72     0.023    163.31   16,768    2,738,392,260.00   57,810     24
Au(T+N1)   161.00    164.51    161.00    164.12     1.77     0.011    164.12     30        4,923,700.00       4         
Au(T+N2)   162.35    163.50    162.35    163.11     4.11     0.026    163.11     12        1,957,400.00      508        
 Pt9995    187.00    195.50    186.50    193.50     6.34     0.034    192.00     26        4,992,000.00                 
 Ag(T+D)  2,305.00  2,358.00  2,297.00  2,354.00   38.00     0.016   2,331.00  40,876     95,303,416.00    122,312      
   延期补偿费支付方向：AuT+D--空付多；Ag(T+D)--多付空。
