 Au9995    208.30    209.90    207.90    208.59    -1.56    -0.0074   208.31    3,018     628,705,460.00                
 Au9999    209.01    209.01    208.00    209.00    -1.01    -0.0048   208.56  1,753.80    367,581,374.00                
 Au100g    209.00    209.00    208.31    208.85    -1.57    -0.0075   208.82    75.2      15,703,368.00                 
  Au50g    209.80    209.80    209.80    209.80    -2.20    -0.0104   209.80      4         839,200.00                  
  AuT+D    207.80    208.50    207.62    208.38    -1.69    -0.008    208.10   15,108    3,144,031,820.00   99,732   3,836
Au(T+N1)   197.30    197.30    197.30    197.30    -12.70   -0.0605   197.30      8        1,578,400.00       14        
Au(T+N2)   208.40    208.40    208.40    208.40    -2.60    -0.0123   208.40     200      41,680,000.00       4         
 Pt9995    285.75    288.00    285.75    288.00    -0.29    -0.001    287.31     170      48,843,000.00                 
 Ag(T+D)  3,249.00  3,251.00  3,238.00  3,250.00   -21.00   -0.0064  3,245.00  29,442     95,542,872.00    216,678      
   延期补偿费支付方向：AuT+D--空付多；Ag(T+D)--多付空。
