 Au9995    215.40    215.40    213.51    214.57     0.56     0.003    214.23    2,888     618,722,200.00                
 Au9999    215.00    215.80    213.60    214.99     0.77     0.004    214.45  1,000.60    214,583,078.00                
 Au100g    213.35    215.60    213.00    214.76     0.44     0.002    214.14    97.2      20,814,784.00                 
  AuT+D    214.99    215.80    213.67    214.67     0.22     0.001    214.48   11,234    2,409,497,320.00   94,756   6,106 
Au(T+N1)   213.00    215.00    211.00    214.96    -0.16    -0.001    214.49     222      47,617,580.00       54        
Au(T+N2)   214.00    215.00    213.90    214.92     0.12     0.001    214.15    1,112     238,137,100.00      16        
 Pt9995    248.50    250.00    245.22    249.31    -1.60    -0.006    247.20     348      86,027,500.00                 
  Ag999    3050.00   3050.00   3050.00   3050.00   160.00    0.055   3050.00     990       3,019,500.00       66        
 Ag(T+D)   3210.00   3232.00   3165.00   3186.00   -32.00   -0.010   3195.00   25,810     82,488,348.00    106,922      
   延期补偿费支付方向：AuT+D--空付多；Ag(T+D)--多付空。
