 Au9995    196.80    197.77    196.40    197.58     0.63     0.003    197.05    1,686     332,231,460.00                
 Au9999    197.01    198.00    196.80    197.75     0.63     0.003    197.23  1,069.40    210,923,036.00                
 Au100g    198.00    198.28    197.30    198.00     0.58     0.003    197.81    26.4       5,223,480.00                 
  Au50g    198.00    198.00    198.00    198.00    -4.60    -0.023    198.00      4         792,000.00                  
 Au(T+D)   198.18    198.18    195.95    197.29     0.47     0.002    197.15    6,600    1,301,244,240.00   76,016   3,534 
Au(T+N1)   197.60    197.60    197.20    197.58     1.54     0.008    197.43     724      142,942,400.00     786        
Au(T+N2)   197.45    197.45    197.45    197.45     1.45     0.007    197.45      4         789,800.00        4       10 
 Pt9995    253.00    258.00    253.00    256.64     1.83     0.007    256.06     512      131,103,500.00                
 Ag(T+D)   2880.00   2890.00   2864.00   2881.00   15.00     0.005   2879.00   30,202     86,967,520.00    121,032      
   延期补偿费支付方向：AuT+D--多付空；Ag(T+D)--空付多。
