 Au9995    208.00    210.00    208.00    209.93     0.46    0.0022    209.15    3,006     628,725,260.00                
 Au9999    209.00    210.20    207.80    209.69     0.19    0.0009    209.21     874      182,089,172.00                
 Au100g    209.50    211.00    208.00    210.10     0.23    0.0011    209.74     83       17,408,760.00                 
  Au50g    210.00    210.00    210.00    210.00     8.20    0.0406    210.00     0.1        21,000.00                   
  AuT+D    208.84    209.68    207.80    209.57     0.33    0.0016    208.78    8,372    1,747,919,020.00   89,000   2,886
Au(T+N1)   197.00    209.60    197.00    208.45    -2.55    -0.0121   208.45     22        4,586,000.00       8         
Au(T+n2)   209.00    209.40    209.00    209.39    -0.51    -0.0024   209.39     802      167,938,000.00      4         
 Pt9995    283.00    285.50    282.50    285.25    -3.68    -0.0127   284.16     90       25,575,000.00                 
 Ag(T+D)  3,284.00  3,294.00  3,244.00  3,279.00   -21.00   -0.0064  3,267.00  53,556     174,995,912.00   148,346    840
   延期补偿费支付方向：AuT+D--多付空；Ag(T+D)--空付多。
